              9.20169458724558               6.478006076067686
              9.20163775794208               6.47762226872146
              9.20167145319283               6.47715606726706
              9.201653096824884               6.47675046697259
              9.20173264108598               6.47631754167378
              9.2018093355               6.47590515203774
              9.20192274264991               6.47550349123776
              9.20205836184323               6.475126892328262
              9.20221535488963               6.47473285906017
              9.20239665545523               6.474454747512937
              9.20255834236741               6.47421443834901
              9.20273436233401               6.47389785386622
              9.20285975560546               6.473653353750706
              9.20305639505386               6.47338923998177
              9.20324825681746               6.47313325665891
              9.203479094430804               6.472775265574455
              9.203694593161345               6.47231476381421
              9.20391637831926               6.471853675320745
              9.20412483625114               6.4715313911438
              9.20431594364345               6.471290662884712
              9.204449551180005               6.47096955217421
              9.204563461244106               6.470680460333824
              9.204669492319226               6.47036655806005
              9.20469178818166               6.470323391258717
              9.20474727638066               6.47012574598193
              9.20490703545511               6.469812765717506
              9.20502186752856               6.469563571736217
              9.20517399907112               6.469167359173298
              9.20530257746577               6.468774834647775
              9.205418499186635               6.46847459487617
              9.20553609728813               6.468148790299892
              9.205605164170265               6.468001687899232
              9.20574899762869               6.467562559992075
              9.205849999561906               6.467297691851854
              9.2058605607599               6.467220578342676
              9.20588587410748               6.467123683542013
              9.20599056407809               6.466706432402134
              9.20600707642734               6.46649654954672
              9.20600707642734               6.46649654954672
              9.206009255722165               6.466360595077276
              9.205950163304806               6.4661399833858
              9.20588243752718               6.465994473546743
              9.205880761146545               6.465945355594158
              9.205803563818336               6.46577679552138
              9.205801635980606               6.465418972074986
              9.20591135509312               6.464953357353806
              9.20596064068377               6.46455865353346
              9.206026857718825               6.464175852015615
              9.20610246248543               6.46380285732448
              9.20613414607942               6.46347646601498
              9.20620455406606               6.463164659217
              9.20636766590178               6.462799543514848
              9.20656489208341               6.46254255436361
              9.20679715462029               6.462402241304517
              9.20705263502896               6.462307777255774
              9.20727257616818               6.462170984596014
              9.2075651884079               6.461989851668477
              9.20778747648001               6.46182925440371
              9.208018481731415               6.46177686750889
              9.20822266489267               6.46175155416131
              9.20843807980418               6.46174426190555
              9.208663050085306               6.46169095300138
              9.20887729153037               6.46163864992559
              9.20908675529063               6.46155558526516
              9.20909907668829               6.46155466325581
              9.20911676250398               6.461537647992373
              9.20939965173602               6.461378559470177
              9.209681786596775               6.461281161755323
              9.20989845879376               6.461298344656825
              9.20991664752364               6.461315946653485
              9.210075065493584               6.46148568019271
              9.21035544015467               6.461663292720914
              9.21064176596701               6.46176957525313
              9.21088517643511               6.4617935474962
              9.211127161979675               6.46181743592024
              9.21115423552692               6.461819279938936
              9.211439387872815               6.461743088439107
              9.21162035316229               6.46135576069355
              9.211772568523884               6.460995757952332
              9.21200055629015               6.460676742717624
              9.212119998410344               6.460498543456197
              9.212119998410344               6.460498543456197
              9.21217984519899               6.460353452712297
              9.212334575131536               6.460056733340025
              9.212583266198635               6.45971198566258
              9.21287034638226               6.45943588577211
              9.21309665776789               6.459137154743075
              9.213334787636995               6.45888276398182
              9.213834684342146               6.458545057103038
              9.21413006260991               6.4583726413548
              9.214315889403224               6.45809075795114
              9.21435687690973               6.457639392465353
              9.214462991803885               6.457172939553857
              9.21451495960355               6.45680857822299
              9.214582769200206               6.456345058977604
              9.214639347046614               6.455968460068107
              9.21469776891172               6.455597979947925
              9.214770356193185               6.455215262249112
              9.21482383273542               6.454871855676174
              9.214881835505366               6.45449534058571
              9.21494159847498               6.454046154394746
              9.21501728706062               6.45361004397273
              9.21517956070602               6.453089863061905
              9.21525726094842               6.452786857262254
              9.215511064976454               6.45281057804823
              9.21571717597544               6.45275006070733
              9.215807281434536               6.452744863927364
              9.21590166166425               6.452749138697982
              9.21622436493635               6.452522492036223
              9.216285636648536               6.452480163425207
              9.21639879234135               6.452352171763778
              9.21672367490828               6.45201806910336
              9.216911597177386               6.451795948669314
              9.21708325855434               6.45162085071206
              9.21739129349589               6.451343158259988
              9.21747729182243               6.451281551271677
              9.21755935065448               6.45126906223595
              9.21765926294029               6.451237881556153
              9.217752972617745               6.45119815133512
              9.217803264036775               6.451209047809243
              9.21792865730822               6.451181890442967
              9.218111634254456               6.451278952881694
              9.21846618875861               6.45134416408837
              9.218619242310524               6.451489757746458
              9.218637347221375               6.45151674747467
              9.21909684315324               6.452077496796846
              9.219106985256076               6.45218956284225
              9.21915425918996               6.452311435714364
              9.21923858113587               6.452435655519366
              9.21929105184972               6.452916441485286
              9.21946397051215               6.453253561630845
              9.21958559192717               6.453679278492928
              9.219656167551875               6.454053362831473
              9.21973403543234               6.454324098303914
              9.21979966573417               6.454686699435115
              9.219886753708124               6.45499917678535
              9.21990033239126               6.455033291131258
              9.22005078755319               6.455164635553956
              9.22036309726536               6.455129263922572
              9.22061639837921               6.45504896529019
              9.22086039558053               6.454890882596374
              9.221079582348466               6.45474126562476
              9.22127085737884               6.454614950343966
              9.22151845879853               6.454428369179368
              9.22176815569401               6.454243883490562
              9.22203704714775               6.454053865745664
              9.22230325639248               6.453854460269213
              9.222499057650566               6.45369168370962
              9.22275336459279               6.4535322599113
              9.22302125021815               6.453356659039855
              9.223264660686255               6.453231684863567
              9.223522236570716               6.45333679392934
              9.22371149994433               6.45360174588859
              9.22376916743815               6.453787656500936
              9.223858350887895               6.454046489670873
              9.223913084715605               6.454595336690545
              9.22401928342879               6.454828353598714
              9.224173091351986               6.45516195334494
              9.224189687520266               6.455185674130917
              9.22431943938136               6.455262787640095
              9.224504763260484               6.455311067402363
              9.224721351638436               6.455532182008028
              9.2249564640224               6.45578045397997
              9.22515528276563               6.456041550263762
              9.22532585449517               6.456361738964915
              9.22559625469148               6.45654857158661
              9.22584846615791               6.45663356408477
              9.22616588883102               6.4567200653255
              9.22643863596022               6.456799693405628
              9.22665639780462               6.456913352012634
              9.22690358012915               6.457104459404945
              9.227139446884394               6.457269247621298
              9.227364752441645               6.45743445493281
              9.22763213515282               6.457534283399582
              9.227806981652975               6.45771784707904
              9.22806229442358               6.457941895350814
              9.22827519476414               6.45809654146433
              9.2285118997097               6.458283877000213
              9.22865564934909               6.458533657714725
              9.2288435716182               6.458871867507696
              9.228949351236224               6.45926388911903
              9.22902436926961               6.459602350369096
              9.229131154716015               6.460079364478588
              9.22924975864589               6.460489658638835
              9.22937037423253               6.460926942527294
              9.22951295040548               6.461380738765
              9.229613868519664               6.46177309565246
              9.229649659246206               6.461898740381002
              9.22950565814972               6.46159959025681
              9.22941035591066               6.461256435140967
              9.229287058115005               6.460704654455185
              9.229157054796815               6.46026468835771
              9.2290594894439               6.45990057848394
              9.22903065569699               6.459820279851556
              9.228926971554756               6.459431191906333
              9.228838458657265               6.45899466238916
              9.22866587527096               6.458570454269648
              9.22837745398283               6.458243057131767
              9.22806858085096               6.458002161234617
              9.227796252816916               6.457803593948483
              9.22754638828337               6.457630759105086
              9.227279257029295               6.457457672804594
              9.226968539878726               6.45721409469843
              9.22663418576121               6.45698979496956
              9.22637543641031               6.456871442496777
              9.22611073590815               6.456778571009636
              9.22583279199898               6.456673545762897
              9.22557873651385               6.456603975966573
              9.22525276429951               6.45646416582167
              9.22496643848717               6.456235256046057
              9.22481036745012               6.455838875845075
              9.224575171247125               6.45566226914525
              9.22435715794563               6.45549848675728
              9.22416345216334               6.45537979900837
              9.223860865458846               6.455001356080174
              9.22377159819007               6.454655854031444
              9.2237148527056               6.45430289208889
              9.2236852645874               6.453936267644167
              9.223575964570045               6.453587161377072
              9.22339474782348               6.45333587191999
              9.223150834441185               6.453325394541025
              9.22294388525188               6.453443579375744
              9.22271857969463               6.453642565757036
              9.22247567214072               6.453844653442502
              9.2222245503217               6.454017236828804
              9.22210259363055               6.45410457625985
              9.221929255872965               6.454223850741982
              9.22166656702757               6.454371958971024
              9.22159247100353               6.454418562352657
              9.2213333863765               6.45460673607886
              9.22110355459154               6.454761382192373
              9.220866933465004               6.454925164580345
              9.22063919715583               6.45509003661573
              9.22037717886269               6.455256333574653
              9.22011038288474               6.45522096194327
              9.21981165185571               6.455107470974326
              9.21953605487943               6.454868586733937
              9.21941518783569               6.454538255929947
              9.219276048243046               6.454107593744993
              9.21921125613153               6.45360945723951
              9.219139255583286               6.453263787552714
              9.21906515955925               6.452913340181112
              9.21897346153855               6.45251939073205
              9.21887036412954               6.45214513875544
              9.21871387399733               6.4518553763628
              9.21846954151988               6.451773988083005
              9.21829176135361               6.45153376273811
              9.2180591635406               6.451462265104055
              9.21786646358669               6.45139118656516
              9.2176534794271               6.4514824654907
              9.21738039702177               6.451521273702383
              9.217206640169024               6.451651696115732
              9.21693095937371               6.45192125812173
              9.21672174707055               6.452150251716375
              9.21654338017106               6.452357452362776
              9.21639225445688               6.45260388031602
              9.21615429222584               6.452857349067926
              9.21599134802818               6.453011659905314
              9.21560435555875               6.453182147815824
              9.215538557618856               6.453178292140365
              9.21523295342922               6.45303194411099
              9.2151443567127               6.45297234877944
              9.215149050578475               6.453143674880266
              9.215098759159446               6.453388761729002
              9.21506053768098               6.453711381182075
              9.215007396414876               6.453974153846502
              9.214912597090006               6.454485282301903
              9.21488284133375               6.454846961423755
              9.214826095849276               6.4552244823426
              9.214747892692685               6.455597979947925
              9.21469299122691               6.4559705555439
              9.21463415026665               6.4563746470958
              9.214598359540105               6.45673179998994
              9.214534657076               6.457114266231656
              9.21446626074612               6.45748575218022
              9.214377999305725               6.45801406353712
              9.21431505121291               6.458278261125088
              9.21420516446233               6.458422262221575
              9.213902074843645               6.45857883617282
              9.21372496522963               6.45870096050203
              9.21356059610844               6.458799866959453
              9.21325306408107               6.45905375480652
              9.213028345257044               6.459274953231215
              9.212831538170576               6.459557758644223
              9.212532974779606               6.4598645363003
              9.21232795342803               6.460117250680923
              9.21213877387345               6.460440289229155
              9.21192235313356               6.46080456674099
              9.21173476614058               6.461201952770352
              9.21167994849384               6.4613997656852
              9.21159755438566               6.461584251374006
              9.21151407063007               6.461843084543943
              9.21155648306012               6.462149443104863
              9.21165086328983               6.46256468258798
              9.211697382852435               6.462928457185626
              9.21181229874492               6.463457187637687
              9.21189888380468               6.463883658871055
              9.21197616495192               6.464331755414605
              9.21202645637095               6.464466955512762
              9.21206979081035               6.4645806979388
              9.212123434990644               6.46503365598619
              9.21215335838497               6.465504551306367
              9.21218085102737               6.46593705751002
              9.21217255294323               6.466245260089636
              9.21220566146076               6.466631665825844
              9.212221251800656               6.466982951387763
              9.212318398058414               6.46745627745986
              9.212352177128196               6.46783455274999
              9.212359050288796               6.468079639598727
              9.212357960641384               6.468470990657806
              9.21237145550549               6.468905257061124
              9.21235477551818               6.46927104331553
              9.212331641465425               6.469701789319515
              9.212318398058414               6.470053661614656
              9.21233373694122               6.470275279134512
              9.21234203502536               6.470424896106124
              9.212542697787285               6.470354152843356
              9.212667336687446               6.470052488148212
              9.212942933663726               6.469422839581966
              9.21314736828208               6.469185296446085
              9.213260943070054               6.469326950609684
              9.21332137659192               6.469455948099494
              9.21336596831679               6.469743279740214
              9.213340152055025               6.46995215676725
              9.21327393501997               6.47016966715455
              9.21324904076755               6.470321798697114
              9.213124653324485               6.47072429768741
              9.21311057172716               6.470759250223637
              9.21311275102198               6.470835860818624
              9.212938994169235               6.471381187438965
              9.212919967249036               6.471529882401228
              9.21285475604236               6.471798941493034
              9.21275006607175               6.4723395742476
              9.21276775188744               6.472827484831214
              9.21280915848911               6.47312286309898
              9.212694158777595               6.473596775904298
              9.21256675384939               6.473939260467887
              9.212436247617006               6.474361289292574
              9.2123500816524               6.474743084982038
              9.21234128065407               6.47478625178337
              9.21226215548813               6.475160587579012
              9.21217297203839               6.475549675524235
              9.2121016420424               6.475981678813696
              9.21202704310417               6.476347465068102
              9.211929477751255               6.47678416222334
              9.211850855499506               6.477178782224655
              9.21181975863874               6.477650851011276
              9.21173074282706               6.478126356378198
              9.21159654855728               6.478588450700045
              9.21142388135195               6.478965552523732
              9.21128423884511               6.479434436187148
              9.21129555441439               6.479830145835876
              9.21135347336531               6.480234237387776
              9.21137325465679               6.480685267597437
              9.211374847218394               6.481146439909935
              9.211367052048445               6.481775753200054
              9.21136839315295               6.482230555266142
              9.21135959215462               6.482769176363945
              9.21134576201439               6.483352640643716
              9.21132916584611               6.484138444066048
              9.21124794520438               6.48459835909307
              9.21099774539471               6.484736995771527
              9.21072768047452               6.484818551689386
              9.210661463439465               6.485232366248965
              9.21057135798037               6.485873078927398
              9.21050455421209               6.48641563951969
              9.21042568050325               6.486865496262908
              9.210349237546325               6.48738307878375
              9.21024798415601               6.487755067646503
              9.21022233553231               6.487780464813113
